0 942 163 64 187 654 532 142 215 1088 2 50 104 875 147 60 194 1651 38 58 205 829 772 133 242 992 42 63 153 670 627 158 179 2 420 73 188 462 182 76 159 1659 798 102 205 1536 50 54 85 1510 0 59 144 1339 0 28 21 
1 947 157 62 195 879 135 59 216 1651 40 58 201 653 537 134 205 835 776 128 238 1087 1 52 106 467 180 75 161 980 19 86 167 1662 800 98 205 673 630 151 179 0 425 72 185 1536 49 56 86 1341 0 27 22 1510 0 60 141 994 61 56 134 
2 882 136 60 212 950 155 61 198 649 535 134 227 1651 39 59 202 834 770 133 246 1657 764 105 250 1073 0 53 106 468 180 78 162 995 39 64 158 1510 0 58 138 662 628 134 194 1340 0 29 21 1537 49 55 84 803 854 114 180 
3 952 159 62 191 885 139 60 203 839 770 132 249 644 539 138 218 1650 43 60 194 470 181 78 162 1075 1 48 106 997 42 63 151 1657 779 101 229 1510 0 58 138 1541 51 54 79 657 629 139 199 1339 0 30 19 803 860 112 170 
4 639 540 136 224 955 148 61 210 1650 48 61 185 1075 3 48 107 882 153 74 179 471 180 79 162 836 760 138 259 1510 0 54 137 1001 44 57 145 1655 770 103 242 658 637 127 194 1545 49 52 78 1339 0 31 18 
5 1076 4 47 106 1651 45 60 190 636 543 136 221 1646 776 96 244 886 153 75 176 960 148 57 207 839 757 135 259 1004 43 54 144 483 179 75 157 1512 0 55 135 653 638 127 194 808 849 115 177 1543 48 53 80 1339 0 34 18 653 638 127 194 
6 1076 4 47 107 1650 45 60 189 636 543 136 221 1646 776 96 244 887 154 74 175 960 149 57 205 839 757 136 259 1004 43 54 143 483 179 75 157 1512 0 56 135 653 638 128 194 808 849 115 177 1543 48 54 80 1339 0 33 18 
7 962 153 57 197 1651 43 60 193 1075 4 48 110 1643 782 99 243 888 154 72 172 630 547 129 258 853 749 132 220 1510 0 63 122 1009 45 57 136 647 643 126 186 485 176 74 159 1542 51 58 77 810 850 122 172 1339 0 33 17 
8 617 547 136 261 893 156 69 168 1640 786 101 239 1652 41 61 195 964 150 56 202 858 744 129 233 1073 4 48 111 642 666 117 177 1510 0 62 121 1009 44 59 142 493 182 62 155 1546 29 57 93 810 856 120 161 1538 0 59 111 1339 0 31 17 
9 609 550 143 260 1652 42 61 191 863 740 126 242 894 154 76 176 1638 792 101 226 643 664 121 183 1068 4 52 111 959 162 67 160 1510 0 62 121 494 185 61 149 1010 43 57 142 1547 31 58 91 815 854 113 155 1674 0 39 33 1539 0 61 110 
10 867 736 127 243 1652 47 62 178 898 147 66 185 605 550 143 260 1633 792 104 228 496 186 60 147 635 665 130 184 1511 0 63 121 961 160 65 160 1011 42 57 143 1067 1 51 116 1543 52 62 73 822 849 106 155 1674 0 39 34 1535 0 64 111 
11 871 736 126 238 600 557 145 255 899 144 66 192 1653 47 62 174 1630 794 106 225 629 666 136 187 1012 42 58 141 1512 0 62 118 1061 8 51 116 502 187 54 143 1546 32 60 89 972 156 54 169 1673 0 39 35 823 848 102 155 1533 0 65 109 
12 871 736 125 237 600 557 145 255 899 145 66 191 1653 47 62 175 1630 794 106 225 629 666 136 188 1012 42 58 141 1512 0 62 118 1061 8 51 116 502 187 54 143 1547 33 59 88 972 156 54 169 1673 0 39 35 1533 0 65 109 823 848 102 156 
13 874 729 129 242 597 562 144 248 905 142 63 189 1629 792 105 258 1653 44 62 178 973 151 53 183 1014 43 61 141 628 668 132 190 1544 31 64 92 1059 9 51 115 1511 0 67 117 503 184 52 148 
14 872 727 134 243 908 146 61 174 1653 47 63 170 1628 795 107 256 592 566 155 241 974 145 55 190 1017 42 61 139 619 670 141 193 1058 7 49 120 1541 51 66 74 1509 0 70 115 
